[datamodels/UBA_Proxy]
version = 6.5.0
modtime = 1491316999.902891000

[models/UBA_Proxy]
version = 6.5.0
modtime = 1491316999.907958000
